2015	11	5	1	0	20	config
2015	11	5	1	0	25	314.64	59.51	4,5,13
2015	11	5	1	9	50	st	st   	4,5,13
2015	11	5	1	9	55	st	st   	4,5,13
2015	11	5	1	30	20	config
2015	11	5	1	30	25	0.00	44.18	4,5,13
2015	11	5	1	39	50	st	st   	4,5,13
2015	11	5	1	39	55	st	st   	4,5,13
2015	11	5	2	40	20	config
2015	11	5	2	40	25	315.64	45.38	4,5,13
2015	11	5	2	49	50	st	st   	4,5,13
2015	11	5	2	49	55	st	st   	4,5,13
2015	11	5	3	30	20	config
2015	11	5	3	30	25	0.00	44.18	4,5,13
2015	11	5	3	39	50	st	st   	4,5,13
2015	11	5	3	39	55	st	st   	4,5,13
2015	11	5	4	40	20	config
2015	11	5	4	40	25	323.74	31.30	4,5,13
2015	11	5	4	49	50	st	st   	4,5,13
2015	11	5	4	49	55	st	st   	4,5,13
2015	11	5	5	30	20	config
2015	11	5	5	30	25	0.00	44.18	4,5,13
2015	11	5	5	39	50	st	st   	4,5,13
2015	11	5	5	39	55	st	st   	4,5,13
2015	11	5	6	40	20	config
2015	11	5	6	40	25	335.91	20.35	4,5,13
2015	11	5	6	49	50	st	st   	4,5,13
2015	11	5	6	49	55	st	st   	4,5,13
2015	11	5	7	30	20	config
2015	11	5	7	30	25	0.00	44.18	4,5,13
2015	11	5	7	39	50	st	st   	4,5,13
2015	11	5	7	39	55	st	st   	4,5,13
exit
