2015	9	16	22	0	0	230	85	1-16
2015	9	16	22	10	0	100	35	1-16
2015	9	16	22	20	0	230	85	1-16
2015	9	16	22	30	0	100	35	1-16
2015	9	16	22	40	0	230	85	1-16
2015	9	16	22	50	0	100	35	1-16
2015	9	16	23	0	0	230	85	1-16
2015	9	16	23	10	0	100	35	1-16
2015	9	16	23	20	0	230	85	1-16
2015	9	16	23	30	0	100	35	1-16
2015	9	16	23	40	0	230	85	1-16
2015	9	16	23	50	0	100	35	1-16
2015	9	17	0	0	0	230	85	1-16
2015	9	17	0	10	0	100	35	1-16
2015	9	17	0	20	0	230	85	1-16
2015	9	17	0	30	0	100	35	1-16
2015	9	17	0	40	0	230	85	1-16
2015	9	17	0	50	0	100	35	1-16
2015	9	17	1	0	0	230	85	1-16
2015	9	17	1	10	0	100	35	1-16
2015	9	17	1	20	0	230	85	1-16
2015	9	17	1	30	0	100	35	1-16
2015	9	17	1	40	0	230	85	1-16
2015	9	17	1	50	0	100	35	1-16
2015	9	17	2	0	0	230	85	1-16
2015	9	17	2	10	0	100	35	1-16
2015	9	17	2	20	0	230	85	1-16
2015	9	17	2	30	0	100	35	1-16
2015	9	17	2	40	0	230	85	1-16
2015	9	17	2	50	0	100	35	1-16
2015	9	17	3	0	0	230	85	1-16
2015	9	17	3	10	0	100	35	1-16
2015	9	17	3	20	0	230	85	1-16
2015	9	17	3	30	0	100	35	1-16
2015	9	17	3	40	0	230	85	1-16
2015	9	17	3	50	0	100	35	1-16
2015	9	17	4	0	0	230	85	1-16
2015	9	17	4	10	0	100	35	1-16
2015	9	17	4	20	0	230	85	1-16
2015	9	17	4	30	0	100	35	1-16
2015	9	17	4	40	0	230	85	1-16
2015	9	17	4	50	0	100	35	1-16
2015	9	17	5	0	0	230	85	1-16
2015	9	17	5	10	0	100	35	1-16
2015	9	17	5	20	0	230	85	1-16
2015	9	17	5	30	0	100	35	1-16
2015	9	17	5	40	0	230	85	1-16
2015	9	17	5	50	0	100	35	1-16
2015	9	17	6	0	0	230	85	1-16
2015	9	17	6	10	0	100	35	1-16
2015	9	17	6	20	0	230	85	1-16
2015	9	17	6	30	0	100	35	1-16
2015	9	17	6	40	0	230	85	1-16
2015	9	17	6	50	0	100	35	1-16
2015	9	17	7	0	0	230	85	1-16
2015	9	17	7	10	0	100	35	1-16
2015	9	17	7	20	0	230	85	1-16
2015	9	17	7	30	0	100	35	1-16
2015	9	17	7	40	0	230	85	1-16
2015	9	17	7	50	0	100	35	1-16
2015	9	17	8	0	0	230	85	1-16
2015	9	17	8	10	0	100	35	1-16
2015	9	17	8	20	0	230	85	1-16
2015	9	17	8	30	0	100	35	1-16
2015	9	17	8	40	0	230	85	1-16
2015	9	17	8	50	0	100	35	1-16
2015	9	17	9	0	0	230	85	1-16
2015	9	17	9	10	0	100	35	1-16
2015	9	17	9	20	0	230	85	1-16
2015	9	17	9	30	0	100	35	1-16
2015	9	17	9	40	0	230	85	1-16
2015	9	17	9	50	0	100	35	1-16
2015	9	17	10	0	0	230	85	1-16
2015	9	17	10	10	0	100	35	1-16
2015	9	17	10	20	0	230	85	1-16
2015	9	17	10	30	0	100	35	1-16
2015	9	17	10	40	0	230	85	1-16
2015	9	17	10	50	0	100	35	1-16
2015	9	17	11	0	0	230	85	1-16
2015	9	17	11	10	0	100	35	1-16
2015	9	17	11	20	0	230	85	1-16
2015	9	17	11	30	0	100	35	1-16
2015	9	17	11	40	0	230	85	1-16
2015	9	17	11	50	0	100	35	1-16
2015	9	17	12	0	0	230	85	1-16
2015	9	17	12	10	0	100	35	1-16
2015	9	17	12	20	0	230	85	1-16
2015	9	17	12	30	0	100	35	1-16
2015	9	17	12	40	0	230	85	1-16
2015	9	17	12	50	0	100	35	1-16
2015	9	17	13	0	0	230	85	1-16
2015	9	17	13	10	0	100	35	1-16
2015	9	17	13	20	0	230	85	1-16
2015	9	17	13	30	0	100	35	1-16
2015	9	17	13	40	0	230	85	1-16
2015	9	17	13	50	0	100	35	1-16
2015	9	17	14	0	0	230	85	1-16
2015	9	17	14	10	0	100	35	1-16
2015	9	17	14	20	0	230	85	1-16
2015	9	17	14	30	0	100	35	1-16
2015	9	17	14	40	0	230	85	1-16
2015	9	17	14	50	0	100	35	1-16
2015	9	17	15	0	0	230	85	1-16
2015	9	17	15	10	0	100	35	1-16
2015	9	17	15	20	0	230	85	1-16
2015	9	17	15	30	0	100	35	1-16
2015	9	17	15	40	0	230	85	1-16
2015	9	17	15	50	0	100	35	1-16
2015	9	17	16	0	0	230	85	1-16
2015	9	17	16	10	0	100	35	1-16
2015	9	17	16	20	0	230	85	1-16
2015	9	17	16	30	0	100	35	1-16
2015	9	17	16	40	0	230	85	1-16
2015	9	17	16	50	0	100	35	1-16
2015	9	17	17	0	0	230	85	1-16
2015	9	17	17	10	0	100	35	1-16
2015	9	17	17	20	0	230	85	1-16
2015	9	17	17	30	0	100	35	1-16
2015	9	17	17	40	0	230	85	1-16
2015	9	17	17	50	0	100	35	1-16
2015	9	17	18	0	0	230	85	1-16
2015	9	17	18	10	0	100	35	1-16
2015	9	17	18	20	0	230	85	1-16
2015	9	17	18	30	0	100	35	1-16
2015	9	17	18	40	0	230	85	1-16
2015	9	17	18	50	0	100	35	1-16
2015	9	17	19	0	0	230	85	1-16
2015	9	17	19	10	0	100	35	1-16
2015	9	17	19	20	0	230	85	1-16
2015	9	17	19	30	0	100	35	1-16
2015	9	17	19	40	0	230	85	1-16
2015	9	17	19	50	0	100	35	1-16
2015	9	17	20	0	0	230	85	1-16
2015	9	17	20	10	0	100	35	1-16
2015	9	17	20	20	0	230	85	1-16
2015	9	17	20	30	0	100	35	1-16
2015	9	17	20	40	0	230	85	1-16
2015	9	17	20	50	0	100	35	1-16
2015	9	17	21	0	0	230	85	1-16
2015	9	17	21	10	0	100	35	1-16
2015	9	17	21	20	0	230	85	1-16
2015	9	17	21	30	0	100	35	1-16
2015	9	17	21	40	0	230	85	1-16
2015	9	17	21	50	0	100	35	1-16
2015	9	17	22	0	0	230	85	1-16
2015	9	17	22	10	0	100	35	1-16
2015	9	17	22	20	0	230	85	1-16
2015	9	17	22	30	0	100	35	1-16
2015	9	17	22	40	0	230	85	1-16
2015	9	17	22	50	0	100	35	1-16
2015	9	17	23	0	0	230	85	1-16
2015	9	17	23	10	0	100	35	1-16
2015	9	17	23	20	0	230	85	1-16
2015	9	17	23	30	0	100	35	1-16
2015	9	17	23	40	0	230	85	1-16
2015	9	17	23	50	0	100	35	1-16
